1
2
3
4
5
6
7
8
-1
-1
11
12
13
-1
-1
16
-1
-1
19
20
-1
-1
-1
24
25
26
-1
28
-1
-1
31
32
-1
-1
35
-1
-1
38
-1
40
41
-1
-1
-1
-1
46
47
48
49
-1
51
52
-1
-1
-1
56
-1
58
-1
-1
-1
62
-1
64
65
66
67
-1
-1
-1
71
72
-1
-1
-1
76
77
78
-1
-1
81
-1
-1
-1
85
86
-1
88
-1
90
-1
92
-1
-1
95
96
-1
-1
-1
100
101
-1
-1
-1
105
106
107
108
-1
110
111
-1
-1
114
115
116
-1
-1
119
120
-1
-1
123
-1
-1
126
-1
128
-1
-1
131
132
-1
134
135
-1
-1
-1
-1
140
141
142
143
-1
145
146
-1
-1
149
150
-1
-1
-1
154
155
156
157
-1
-1
160
-1
-1
163
164
-1
-1
-1
168
169
-1
-1
-1
173
174
175
176
-1
178
-1
-1
-1
182
-1
184
-1
186
-1
-1
189
190
191
-1
193
-1
-1
196
-1
198
-1
-1
-1
202
203
204
205
206
207
-1
-1
210
-1
-1
213
214
-1
-1
217
-1
-1
220
221
222
-1
-1
225
-1
-1
228
-1
-1
231
232
-1
-1
235
236
237
-1
-1
240
-1
-1
243
244
-1
-1
-1
-1
249
250
251
252
-1
-1
-1
-1
-1
