104
99
84
45
44
23
10
9
-1
-1
18
15
14
-1
-1
17
-1
-1
22
21
-1
-1
-1
37
30
27
-1
29
-1
-1
34
33
-1
-1
36
-1
-1
39
-1
43
42
-1
-1
-1
-1
61
60
55
50
-1
54
53
-1
-1
-1
57
-1
59
-1
-1
-1
63
-1
75
70
69
68
-1
-1
-1
74
73
-1
-1
-1
83
80
79
-1
-1
82
-1
-1
-1
94
87
-1
89
-1
91
-1
93
-1
-1
98
97
-1
-1
-1
103
102
-1
-1
-1
248
139
130
109
-1
113
112
-1
-1
125
118
117
-1
-1
122
121
-1
-1
124
-1
-1
127
-1
129
-1
-1
138
133
-1
137
136
-1
-1
-1
-1
201
172
153
144
-1
148
147
-1
-1
152
151
-1
-1
-1
167
162
159
158
-1
-1
161
-1
-1
166
165
-1
-1
-1
171
170
-1
-1
-1
188
181
180
177
-1
179
-1
-1
-1
183
-1
185
-1
187
-1
-1
200
195
192
-1
194
-1
-1
197
-1
199
-1
-1
-1
247
230
219
212
209
208
-1
-1
211
-1
-1
216
215
-1
-1
218
-1
-1
227
224
223
-1
-1
226
-1
-1
229
-1
-1
234
233
-1
-1
242
239
238
-1
-1
241
-1
-1
246
245
-1
-1
-1
-1
256
255
254
253
-1
-1
-1
-1
-1
