2131666600000
1945000000000
1495000000000
25000000000
55000000000
183501679600000
61400000
65000000000
-1
-1
25000000000
87527768500000
90000000000
-1
-1
87912509700000
-1
-1
215000000000
35000000000
-1
-1
-1
45000000000
5000000000
30000000000
-1
185000000000
-1
-1
1699346406200000
215000000000
-1
-1
35000000000
-1
-1
60000000000
-1
11845000000000
2108695654200000
-1
-1
-1
-1
10833300000
245000000000
8437500000000000
7500000000
-1
15000000000
263914472800000
-1
-1
-1
15000000000
-1
150000000000
-1
-1
-1
558175000000
-1
55000000000
15000000000
275000000000
45000000000
-1
-1
-1
245000000000
55000000000
-1
-1
-1
285000000000
35000000000
505000000000
-1
-1
3850000000000
-1
-1
-1
3860000000000
3590000000000
-1
485000000000
-1
3685000000000
-1
1035000000000
-1
-1
45000000000
35557504400000
-1
-1
-1
1050000000000
28657284900000
-1
-1
-1
95000000000
777700000
668000000
191500000000000000
-1
15000000000
820000000000
-1
-1
650900000
193500000000000000
58255000000000
-1
-1
45000000000
35000000000
-1
-1
5465000000000
-1
-1
767000000000000000
-1
740500000000000000
-1
-1
570000000000
180000000000
-1
45000000000
693700000
-1
-1
-1
-1
25000000000
431655000000000
160000000000
90000000000
-1
49335000000000
2426390200000
-1
-1
3993977000000
160935000000000
-1
-1
-1
2675091000000
341455000000000
105350000000000
595000000000
-1
-1
290000000000
-1
-1
387840000000000
290000000000
-1
-1
-1
3339420700000
3071852700000
-1
-1
-1
20509870000000000
481640000000000
475025000000000
160000000000
-1
1500000000000
-1
-1
-1
160000000000
-1
4859805000000000
-1
315000000000
-1
-1
370000000000
4713800000
30000000000
-1
227000000000000000
-1
-1
6421500000
-1
22369805000000000
-1
-1
-1
635000000000
190000000000
113085000000000
5354810000000000
19205000000000
2755000000000
-1
-1
74660000000000
-1
-1
29115850000000000
22895135000000000
-1
-1
93138997500000000
-1
-1
191500000000000000
45000000000
309535000000000
-1
-1
8003300000
-1
-1
35000000000
-1
-1
4275000000000
35140474300000
-1
-1
8022380000000000
2630695781200000
392295000000000
-1
-1
3592515000000000
-1
-1
393540000000000
35000000000
-1
-1
-1
-1
700000000000
1454100000
102500000000000000
1261800000
-1
-1
-1
-1
-1
