126
61
60
31
6
-1
10
9
-1
-1
22
17
16
15
-1
-1
-1
19
-1
21
-1
-1
24
-1
28
27
-1
-1
30
-1
-1
55
52
41
40
37
-1
39
-1
-1
-1
47
46
45
-1
-1
-1
49
-1
51
-1
-1
54
-1
-1
57
-1
59
-1
-1
-1
121
82
81
74
73
72
71
70
-1
-1
-1
-1
-1
76
-1
78
-1
80
-1
-1
-1
98
93
92
87
-1
89
-1
91
-1
-1
-1
97
96
-1
-1
-1
118
111
106
105
104
-1
-1
-1
110
109
-1
-1
-1
113
-1
115
-1
117
-1
-1
120
-1
-1
123
-1
125
-1
-1
282
145
140
137
132
-1
134
-1
136
-1
-1
139
-1
-1
142
-1
144
-1
-1
201
150
149
-1
-1
176
163
158
155
-1
157
-1
-1
162
161
-1
-1
-1
169
166
-1
168
-1
-1
173
172
-1
-1
175
-1
-1
186
185
182
181
-1
-1
184
-1
-1
-1
194
191
190
-1
-1
193
-1
-1
198
197
-1
-1
200
-1
-1
249
228
217
210
209
208
-1
-1
-1
214
213
-1
-1
216
-1
-1
223
222
221
-1
-1
-1
225
-1
227
-1
-1
238
237
234
233
-1
-1
236
-1
-1
-1
244
241
-1
243
-1
-1
246
-1
248
-1
-1
271
264
259
256
255
-1
-1
258
-1
-1
263
262
-1
-1
-1
270
269
268
-1
-1
-1
-1
275
274
-1
-1
277
-1
279
-1
281
-1
-1
284
-1
286
-1
-1
