1
2
3
4
5
-1
7
8
-1
-1
11
12
13
14
-1
-1
-1
18
-1
20
-1
-1
23
-1
25
26
-1
-1
29
-1
-1
32
33
34
35
36
-1
38
-1
-1
-1
42
43
44
-1
-1
-1
48
-1
50
-1
-1
53
-1
-1
56
-1
58
-1
-1
-1
62
63
64
65
66
67
68
69
-1
-1
-1
-1
-1
75
-1
77
-1
79
-1
-1
-1
83
84
85
86
-1
88
-1
90
-1
-1
-1
94
95
-1
-1
-1
99
100
101
102
103
-1
-1
-1
107
108
-1
-1
-1
112
-1
114
-1
116
-1
-1
119
-1
-1
122
-1
124
-1
-1
127
128
129
130
131
-1
133
-1
135
-1
-1
138
-1
-1
141
-1
143
-1
-1
146
147
148
-1
-1
151
152
153
154
-1
156
-1
-1
159
160
-1
-1
-1
164
165
-1
167
-1
-1
170
171
-1
-1
174
-1
-1
177
178
179
180
-1
-1
183
-1
-1
-1
187
188
189
-1
-1
192
-1
-1
195
196
-1
-1
199
-1
-1
202
203
204
205
206
207
-1
-1
-1
211
212
-1
-1
215
-1
-1
218
219
220
-1
-1
-1
224
-1
226
-1
-1
229
230
231
232
-1
-1
235
-1
-1
-1
239
240
-1
242
-1
-1
245
-1
247
-1
-1
250
251
252
253
254
-1
-1
257
-1
-1
260
261
-1
-1
-1
265
266
267
-1
-1
-1
-1
272
273
-1
-1
276
-1
278
-1
280
-1
-1
283
-1
285
-1
-1
