3645000000000
25000000000
130000000000
5000000000
30000000000
-1
61400000
15000000000
-1
-1
152680654200000
56338474100000
1617200000
1617100000
-1
-1
-1
56820014600000
-1
88107436500000
-1
-1
155048076100000
-1
1547619062500000
488095234300000
-1
-1
4166666718700000
-1
-1
65000000000
45000000000
25000000000
1414141406200000
60000000000
-1
15000000000
-1
-1
-1
35000000000
3921568750000000
60000000000
-1
-1
-1
60000000000
-1
4166666718700000
-1
-1
2108695654200000
-1
-1
2575000000000
-1
27861012100000
-1
-1
-1
1802500000000
35000000000
245000000000
1473214296800000
25000000000
12500000000
56518662300000
986270100000
-1
-1
-1
-1
-1
5937500000000000
-1
150000000000
-1
15000000000
-1
-1
-1
35000000000
22500000000
210000000000
17500000000
-1
90000000000
-1
121962663500000
-1
-1
-1
698051953100000
367317551200000
-1
-1
-1
495000000000
3745000000000
55000000000
846581875000000
754242617100000
-1
-1
-1
275000000000
216666600000
-1
-1
-1
3935000000000
-1
225000000000
-1
4305000000000
-1
-1
3050000000000
-1
-1
130000000000
-1
345000000000
-1
-1
95000000000
777800000
520000000000
271500000000000000
30000000000
-1
193500000000000000
-1
375000000000
-1
-1
25000000000
-1
-1
769300000
-1
75000000000
-1
-1
62759100000
345540000000000
360000000000
-1
-1
18902745000000000
55000000000
35000000000
483900000000000
-1
194345000000000
-1
-1
720000000000
35000000000
-1
-1
-1
34404600000
3675831093700000
-1
1885000000000
-1
-1
15000000000
65000000000
-1
-1
46879800000
-1
-1
144500000000000000
635000000000
140535000000000
407000000000000000
-1
-1
25000000000
-1
-1
-1
897500000000000000
686000000000000000
149500000000000000
-1
-1
778100000
-1
-1
954500000000000000
778500000
-1
-1
2680000000000
-1
-1
300650000000000
2228004600000
90385000000000
231450000000000
305000000000
190000000000
-1
-1
-1
310500000000000
45000000000
-1
-1
8175000000000
-1
-1
160000000000
189720000000000
188770000000000
-1
-1
-1
92215000000000
-1
316480000000000
-1
-1
3184544300000
370000000000
62205000000000
190000000000
-1
-1
79555000000000
-1
-1
-1
20808437500000
9750000000000
-1
25000000000
-1
-1
8855000000000
-1
4465000000000
-1
-1
55000000000
25000000000
442875000000000
416675000000000
300950000000000
-1
-1
160000000000
-1
-1
481640000000000
423754500000
-1
-1
-1
23695000000000
375000000000
210000000000
-1
-1
-1
-1
65000000000
750000000000
-1
-1
5522515000000000
-1
126272800000
-1
126515200000
-1
-1
111000000000000000
-1
114500000000000000
-1
-1
