1
2
3
4
5
6
7
8
9
-1
11
-1
-1
-1
-1
-1
17
18
19
-1
21
-1
-1
24
25
26
-1
-1
29
-1
-1
32
33
-1
-1
-1
-1
38
39
40
-1
42
-1
-1
-1
-1
47
48
49
50
51
52
-1
54
-1
-1
57
-1
59
-1
-1
62
-1
64
65
-1
-1
-1
69
70
-1
72
-1
-1
-1
-1
77
78
-1
-1
-1
82
-1
-1
85
86
87
88
89
90
91
92
93
-1
-1
96
-1
-1
99
100
-1
-1
103
-1
-1
106
107
108
-1
-1
-1
112
-1
-1
115
116
117
118
-1
-1
121
-1
-1
124
125
-1
-1
128
-1
-1
131
132
133
-1
-1
136
-1
-1
139
-1
-1
142
143
-1
-1
146
147
148
149
-1
-1
-1
-1
154
-1
-1
157
158
159
160
-1
-1
163
164
165
-1
-1
168
-1
-1
171
172
-1
-1
175
-1
-1
178
179
180
-1
182
-1
-1
-1
186
187
188
-1
-1
191
-1
-1
-1
195
196
197
198
199
-1
-1
202
-1
-1
-1
206
207
208
-1
-1
211
-1
-1
214
215
-1
-1
218
-1
-1
221
222
-1
-1
225
226
227
-1
-1
230
-1
-1
233
234
-1
-1
237
-1
-1
240
241
242
243
-1
-1
-1
-1
248
249
-1
-1
252
-1
-1
255
256
-1
-1
-1
