84
81
46
37
16
15
14
13
10
-1
12
-1
-1
-1
-1
-1
36
23
20
-1
22
-1
-1
31
28
27
-1
-1
30
-1
-1
35
34
-1
-1
-1
-1
45
44
41
-1
43
-1
-1
-1
-1
76
75
68
61
56
53
-1
55
-1
-1
58
-1
60
-1
-1
63
-1
67
66
-1
-1
-1
74
71
-1
73
-1
-1
-1
-1
80
79
-1
-1
-1
83
-1
-1
254
239
156
141
114
105
98
95
94
-1
-1
97
-1
-1
102
101
-1
-1
104
-1
-1
111
110
109
-1
-1
-1
113
-1
-1
130
123
120
119
-1
-1
122
-1
-1
127
126
-1
-1
129
-1
-1
138
135
134
-1
-1
137
-1
-1
140
-1
-1
145
144
-1
-1
153
152
151
150
-1
-1
-1
-1
155
-1
-1
194
177
162
161
-1
-1
170
167
166
-1
-1
169
-1
-1
174
173
-1
-1
176
-1
-1
185
184
181
-1
183
-1
-1
-1
193
190
189
-1
-1
192
-1
-1
-1
220
205
204
201
200
-1
-1
203
-1
-1
-1
213
210
209
-1
-1
212
-1
-1
217
216
-1
-1
219
-1
-1
224
223
-1
-1
232
229
228
-1
-1
231
-1
-1
236
235
-1
-1
238
-1
-1
247
246
245
244
-1
-1
-1
-1
251
250
-1
-1
253
-1
-1
258
257
-1
-1
-1
