3890000000000
3605000000000
179776191400000
25000000000
56338474100000
2527600000
15000000000
6905000000000
30000000000
-1
2526300000
-1
-1
-1
-1
-1
25000000000
56577197200000
30000000000
-1
5000000000
-1
-1
15000000000
88107436500000
87337910100000
-1
-1
115610800700000
-1
-1
290000000000
109764663000000
-1
-1
-1
-1
150000000000
45000000000
64503718700000
-1
60000000000
-1
-1
-1
-1
55000000000
265000000000
45000000000
25000000000
5000000000
30000000000
-1
2250000000000000
-1
-1
95000000000
-1
3928571406200000
-1
-1
150000000000
-1
4500000000000000
1514423085900000
-1
-1
-1
180000000000
60000000000
-1
2108695654200000
-1
-1
-1
-1
260555500000
228298613200000
-1
-1
-1
25876177100000
-1
-1
95000000000
145500000000000000
231105000000000
120865000000000
35000000000
2288722300000
1765407100000
1504287200000
345000000000
-1
-1
182370000000000
-1
-1
25000000000
78940000000000
-1
-1
75247500000000
-1
-1
190000000000
15291091900000
10480000000000
-1
-1
-1
285000000000
-1
-1
45000000000
616668300000
190080000000000
45000000000
-1
-1
710000000000
-1
-1
3438664000000
285000000000
-1
-1
35000000000
-1
-1
49707749000000
150535000000000
151905000000000
-1
-1
955000000000
-1
-1
2065000000000
-1
-1
868169700000
7324500000
-1
-1
160000000000
191235000000000
188125000000000
158780000000000
-1
-1
-1
-1
290000000000
-1
-1
47587700000
35000000000
488875000000000
8152900000
-1
-1
91844435000000000
84760340000000000
150000000000
-1
-1
88816320000000000
-1
-1
99293515000000000
48718942500000000
-1
-1
673530000000000
-1
-1
11185000000000
770000000000
43869705000000000
-1
43968030000000000
-1
-1
-1
95137760000000000
75498900000000000
20585000000000
-1
-1
88475000000000
-1
-1
-1
55000000000
300765000000000
340000000000
190977500000000
238620000000000
-1
-1
160000000000
-1
-1
-1
309770000000000
35000000000
966444600000
-1
-1
590000000000
-1
-1
25000000000
160000000000
-1
-1
154685000000000
-1
-1
15000000000
390000000000
-1
-1
2465000000000
118083000000
850000000000
-1
-1
1210000000000
-1
-1
2329077343700000
1403170156200000
-1
-1
9618715000000000
-1
-1
1015000000000000000
520000000000
109004985000000000
370500000000000000
-1
-1
-1
-1
148500000000000000
3010000000000
-1
-1
645000000000
-1
-1
105000000000
650500000000000000
-1
-1
-1
